2 0.15833333333333333 0.6399416909620991 0.26666666666666666 0.4577259475218659
2 0.25833333333333336 0.24489795918367346 0.21666666666666667 0.37900874635568516
1 0.8441666666666666 0.4577259475218659 0.255 0.4489795918367347
3 0.5916666666666667 0.45626822157434405 0.16666666666666666 0.30612244897959184
3 0.5591666666666667 0.7653061224489796 0.19166666666666668 0.34110787172011664
2 0.15833333333333333 0.6399416909620991 0.26666666666666666 0.4577259475218659
2 0.25833333333333336 0.24489795918367346 0.21666666666666667 0.37900874635568516
1 0.8441666666666666 0.4577259475218659 0.255 0.4489795918367347
3 0.5916666666666667 0.45626822157434405 0.16666666666666666 0.30612244897959184
3 0.5591666666666667 0.7653061224489796 0.19166666666666668 0.34110787172011664
2 0.15833333333333333 0.6399416909620991 0.26666666666666666 0.4577259475218659
2 0.25833333333333336 0.24489795918367346 0.21666666666666667 0.37900874635568516
1 0.8441666666666666 0.4577259475218659 0.255 0.4489795918367347
3 0.5916666666666667 0.45626822157434405 0.16666666666666666 0.30612244897959184
3 0.5591666666666667 0.7653061224489796 0.19166666666666668 0.34110787172011664
2 0.15833333333333333 0.6399416909620991 0.26666666666666666 0.4577259475218659
2 0.25833333333333336 0.24489795918367346 0.21666666666666667 0.37900874635568516
1 0.8441666666666666 0.4577259475218659 0.255 0.4489795918367347
3 0.5916666666666667 0.45626822157434405 0.16666666666666666 0.30612244897959184
3 0.5591666666666667 0.7653061224489796 0.19166666666666668 0.34110787172011664
2 0.15833333333333333 0.6399416909620991 0.26666666666666666 0.4577259475218659
2 0.25833333333333336 0.24489795918367346 0.21666666666666667 0.37900874635568516
1 0.8441666666666666 0.4577259475218659 0.255 0.4489795918367347
3 0.5916666666666667 0.45626822157434405 0.16666666666666666 0.30612244897959184
3 0.5591666666666667 0.7653061224489796 0.19166666666666668 0.34110787172011664
2 0.15833333333333333 0.6399416909620991 0.26666666666666666 0.4577259475218659
2 0.25833333333333336 0.24489795918367346 0.21666666666666667 0.37900874635568516
1 0.8441666666666666 0.4577259475218659 0.255 0.4489795918367347
3 0.5916666666666667 0.45626822157434405 0.16666666666666666 0.30612244897959184
3 0.5591666666666667 0.7653061224489796 0.19166666666666668 0.34110787172011664
